3
31
5 0 160 1584 16 1
5 689 96 48 16 1
5 753 64 160 16 1
5 929 96 80 16 1
5 1393 64 272 16 1
8 23 120 0 0 -1
8 83 93 0 0 -1
8 147 136 0 0 -1
8 213 93 0 0 -1
8 275 136 0 0 -1
8 341 93 0 0 -1
8 399 136 0 0 -1
8 468 93 0 0 -1
8 529 136 0 0 -1
8 592 96 0 0 -1
8 725 126 0 0 -1
8 663 34 0 0 -1
8 796 6 0 0 -1
8 846 28 0 0 -1
8 909 120 0 0 -1
8 978 28 0 0 -1
8 1040 122 0 0 -1
8 1103 122 0 0 -1
8 1167 122 0 0 -1
8 1233 122 0 0 -1
8 1362 90 0 0 -1
8 1421 27 0 0 -1
8 1500 7 0 0 -1
9 1009 96 16 16 1
10 611 150 32 16 1 606 127
11 689 70 15 16 -1 665 71
17
5 1601 160 192 16 1
5 1665 96 48 16 1
5 1857 80 32 16 1
5 1889 96 48 16 1
5 1857 160 48 16 1
5 1921 160 896 16 1
5 1953 64 208 16 1
5 2017 0 32 16 1
8 1562 128 0 0 -1
8 1625 33 0 0 -1
8 1690 17 0 0 -1
8 1755 96 0 0 -1
8 1840 19 0 0 -1
8 1946 0 0 0 -1
8 2008 39 0 0 -1
8 1858 131 0 0 -1
9 1793 128 16 32 -1
16
5 2177 96 176 16 1
5 2769 96 48 16 1
5 2721 128 16 16 1
8 2073 107 0 0 -1
8 2141 33 0 0 -1
8 2202 65 0 0 -1
8 2269 34 0 0 -1
8 2336 128 0 0 -1
8 2396 99 0 0 -1
8 2457 128 0 0 -1
8 2520 128 0 0 -1
8 2588 102 0 0 -1
8 2651 128 0 0 -1
8 2751 101 0 0 -1
8 2780 107 0 0 -1
9 2737 128 16 16 1

//total Stage
// total object per stage
//ObjectID - x - y - width - height - type (-1 is no type)
ObjectID 10 and 11 will have additional parameter (stairPos)