89
5 0 160 1584 16 1
5 689 96 48 16 1
5 753 64 160 16 1
5 929 96 80 16 1
5 1393 64 272 16 1
5 1530 80 16 80 3
5 1530 0 16 16 3
8 23 120 0 0 -1
8 85 90 0 0 -1
8 150 120 0 0 -1
8 214 90 0 0 -1
8 278 120 0 0 -1
8 342 90 0 0 -1
8 405 120 0 0 -1
8 469 90 0 0 -1
8 533 120 0 0 -1
8 598 90 0 0 -1
8 725 120 0 0 -1
8 663 25 0 0 -1
8 789 -10 0 0 -1
8 852 25 0 0 -1
8 918 120 0 0 -1
8 983 25 0 0 -1
8 1045 121 0 0 -1
8 1110 121 0 0 -1
8 1173 121 0 0 -1
8 1238 121 0 0 -1
8 1365 90 0 0 -1
8 1428 25 0 0 -1
8 1492 0 0 0 -1
9 1009 96 16 16 1
7 1520 57 16 8 -1
10 611 150 32 16 1 606 127
11 689 70 15 16 -1 665 71
10 714 87 23 10 1 703 63
11 752 52 10 13 -1 728 40
10 929 86 22 11 -1 929 63
11 904 50 9 16 1 904 39
10 1286 145 21 15 1 1277 128
11 1393 52 9 13 -1 1370 39
12 1530 16 0 0 -1
5 1601 160 192 16 1
5 1665 96 48 16 1
5 1857 80 32 16 1
5 1889 96 48 16 1
5 1857 160 48 16 1
5 1921 160 896 16 1
5 1953 64 208 16 1
5 2017 0 32 16 1
5 1809 80 16 80 3
5 1841 80 16 80 3
5 1793 160 64 16 3
5 1793 96 16 16 3
5 1825 96 16 16 3
5 1825 128 16 16 3
5 1793 80 16 16 2
5 1793 112 16 16 2
5 1825 80 16 16 2
5 1825 112 16 16 2
5 1825 144 16 16 2
5 1585 160 16 16 4
5 1905 160 16 16 4
8 1562 128 0 0 -1
8 1625 33 0 0 -1
8 1690 17 0 0 -1
8 1755 96 0 0 -1
8 1840 19 0 0 -1
8 1946 0 0 0 -1
8 2008 39 0 0 -1
8 1858 131 0 0 -1
9 1793 128 16 16 3
9 1793 144 16 16 2
11 1703 81 12 16 1 1703 71
10 1761 145 32 16 -1 1761 128
11 1575 145 10 16 1 1575 135
5 2177 96 176 16 1
5 2769 96 48 16 1
5 2721 128 16 16 1
8 2073 107 0 0 -1
8 2141 33 0 0 -1
8 2202 65 0 0 -1
8 2269 34 0 0 -1
8 2336 128 0 0 -1
8 2396 99 0 0 -1
8 2457 128 0 0 -1
8 2520 128 0 0 -1
8 2588 102 0 0 -1
8 2651 128 0 0 -1
8 2751 101 0 0 -1
8 2780 107 0 0 -1
9 2737 128 16 16 1
// total object
//ObjectID - x - y - width - height - type (-1 is no type)
ObjectID 10 and 11 will have additional parameter (stairPos)
